%YAML:1.0
mm_per_unit: 10.0
corners:

ids:
 - 104
 - 111
 - 106
 - 105
 - 101
 - 110
 - 103
 - 102
 - 107
 - 109
 - 100
 - 108
